1 6
1 18
2 18
2 3
3 4
3 32
4 5
4 95
5 6
5 8
7 8
8 9
8 60
8 95
9 10
10 11
10 33
11 12
12 13
13 14
14 15
15 16
16 19
17 31
17 39
18 21
19 20
20 28
21 29
22 24
22 41
23 25
23 26
24 25
24 30
25 38
26 27
27 28
29 31
29 40
30 31
30 79
31 61
32 39
33 34
34 35
35 36
36 37
37 38
39 40
41 42
42 43
43 44
43 73
44 45
45 46
46 47
47 48
48 49
49 50
50 51
50 80
50 100
51 52
52 53
53 54
54 55
55 56
56 57
57 58
58 59
59 60
61 62
62 63
63 64
64 101
65 101
65 66
66 67
67 68
68 69
69 70
70 71
71 100
72 73
72 74
74 75
75 76
76 77
77 78
78 79
80 81
81 82
82 83
83 84
84 85
85 86
86 87
86 88
87 88
88 89
88 99
89 90
90 91
91 92
92 93
93 94
94 95
94 96
96 97
97 98
98 99