1 14
1 21
1 41
2 21
2 30
2 37
2 42
3 15
3 28
3 30
3 38
4 5
4 16
4 38
5 22
6 7
6 16
6 17
6 23
7 25
8 9
8 18
8 25
8 34
9 10
9 18
9 33
9 34
9 56
10 11
10 31
10 32
10 35
11 12
11 19
12 26
12 39
13 19
13 27
13 39
14 19
14 37
15 16
15 20
15 38
16 40
17 20
17 40
18 20
18 35
19 20
20 37
20 40
21 41
22 28
22 29
23 24
23 29
23 80
24 25
24 36
24 59
26 27
26 31
26 47
26 53
27 43
27 47
28 73
29 74
31 32
31 54
32 33
32 55
34 36
34 56
36 57
36 58
36 59
41 42
41 43
41 44
42 44
43 48
44 45
45 46
45 48
46 50
47 49
47 52
48 49
49 50
50 51
50 52
51 53
51 54
51 60
52 53
53 54
54 55
54 60
55 56
55 96
56 57
56 90
56 91
57 58
57 85
58 81
59 80
60 95
61 62
61 81
61 97
62 63
63 64
63 83
63 97
64 65
64 78
64 79
64 98
65 66
65 99
66 67
67 68
67 78
68 69
69 70
70 71
71 72
72 73
72 74
74 75
75 76
76 77
77 78
79 80
79 97
81 82
82 83
82 84
82 85
83 100
84 88
86 88
86 87
87 89
87 93
89 90
91 92
91 96
92 93
93 94
94 95
98 100
99 100