1 2
1 40
2 14
2 28
3 4
3 14
3 15
3 17
3 19
4 15
5 17
5 23
6 7
6 17
6 23
6 45
7 8
7 17
7 24
7 60
8 18
8 38
8 55
8 57
9 15
9 25
10 15
10 26
11 16
12 16
13 14
13 27
14 15
15 16
15 18
17 18
19 20
19 21
20 31
20 40
21 34
22 30
22 37
23 36
24 38
24 60
26 39
26 52
31 43
32 34
33 42
34 35
38 49
40 44
42 72
42 70
45 60
45 61
46 47
46 48
47 49
48 100
49 50
51 58
52 53
52 54
55 56
57 58
59 94
61 85
61 100
61 62
62 63
62 82
63 81
63 83
64 65
64 84
66 68
67 68
68 69
70 71
70 72
73 84
74 84
74 99
75 80
76 77
77 78
77 79
79 80
80 99
82 99
85 86
86 87
87 89
88 92
89 93
90 93
91 97
91 97
91 98
92 94
93 98
94 95
94 96