1 14
1 21
1 27
1 41
2 21
2 30
2 37
2 42
3 15
3 28
3 30
3 38
4 5
4 16
4 38
5 22
6 7
6 16
6 17
6 23
7 18
7 25
8 9
8 18
8 25
8 34
9 10
9 18
9 33
9 34
10 11
10 35
10 32
10 31
11 12
11 19
12 26
12 39
13 19
13 27
13 39
14 19
14 37
15 16
15 20
15 38
15 40
17 20
17 40
18 20
18 35
19 20
22 28
22 29
23 24
24 25
24 36
24 59
26 27
26 31
26 47
26 53
27 43
27 47
31 32
31 54
32 33
32 55
34 56
34 36
36 59
36 58
36 57
41 42
41 44
41 43
42 44
43 48
44 45
45 46
45 48
46 50
47 49
47 52
48 49
49 50
50 51
50 52
51 53
51 54
51 60
52 53
53 54
54 55
55 56
56 57
57 58

